74674
828962
943971
321487
727784
661874
41310
401404
456350
516734
407588
236428
146963
658432
647765
434496
131026
17439
837193
347437
688738
103406
585615
996169
45789
221451
849336
295030
893407
411628
521573
325612
252568
690516
519022
295673
430057
387913
356849
419073
60509
990456
448353
68572
652213
485681
995331
73291
940930
274839
948319
260273
297706
916388
600114
729056
90728
547484
575989
515070
477682
140988
366965
361411
547053
541080
656513
643131
78465
229079
442028
36785
473800
947285
4362
328785
265580
346995
501198
12882
450288
419291
561101
